z xi(0) xi(1) xi(2) xi(3) xi(4) xi(5) xi(6) xi(7) xi(8) xi(9) xi(10)
1.96 0.119132 0.0328376 0.0140261 0 0 0 0 0 0 0 0
1.9637 0.118941 0.03223 0.0123863 0.0096527 0.00897377 0.00829905 0 0 0 0 0
1.9674 0.119821 0.0325467 0.0132278 0.0100958 0.00878272 0.00587355 0.00617919 0.00530419 0.00544539 0.00581135 0
1.9711 0.120739 0.0317881 0.011472 0.00882584 0.00808483 0.00636519 0.00631096 0.00579915 0.00519974 0.00490331 0.00646418
1.9748 0.114614 0.0296544 0.0117839 0.00865863 0.00721402 0.00463823 0.00521717 0.00449845 0.00431934 0.00476572 0.00520019
1.9785 0.113404 0.0312293 0.0114 0.00699456 0.00614921 0.00560791 0.00444546 0.00431687 0.0041117 0.00382957 0.00499774
1.9822 0.112636 0.0305038 0.0103629 0.00747679 0.00607257 0.00531613 0.00424034 0.00416825 0.00449924 0.0040497 0.00507038
1.9859 0.113247 0.0308403 0.0113161 0.00820547 0.0063904 0.00482321 0.00473097 0.00444838 0.00454454 0.00387912 0.00518727
1.9896 0.110798 0.0292795 0.010953 0.00756523 0.00515093 0.00433109 0.00333725 0.00277668 0.00213404 0.00267284 0.00314634
1.9933 0.109509 0.0287771 0.0104721 0.00639021 0.00466029 0.00323624 0.00330884 0.00317561 0.00307947 0.00265737 0.00357795
1.997 0.10583 0.0287597 0.00942476 0.00592427 0.00446916 0.00368736 0.00315497 0.00235657 0.00241146 0.00347259 0.00398042
2.0007 0.108305 0.0283549 0.00866486 0.00595268 0.00595608 0.00406005 0.00380501 0.00272873 0.00350424 0.00263187 0.0032827
2.0044 0.105745 0.0293608 0.0090672 0.0060151 0.00496422 0.00330273 0.00277004 0.00270584 0.00247226 0.00290554 0.00394434
2.0081 0.103563 0.029542 0.00984567 0.005352 0.00469077 0.00273529 0.00323367 0.00341466 0.00244715 0.00295822 0.0032221
2.0118 0.102626 0.0292502 0.00992942 0.00654246 0.00440561 0.00317653 0.00226323 0.00190438 0.00183717 0.00165517 0.00262543
2.0155 0.100825 0.0296418 0.0101553 0.00595586 0.00432554 0.00339784 0.00228654 0.00170665 0.00206997 0.0021127 0.0031152
2.0192 0.0986055 0.0286193 0.0101042 0.00579802 0.00380228 0.00285748 0.00265574 0.00254889 0.003069 0.00252082 0.00336346
2.0229 0.0963976 0.0282797 0.00948927 0.00575205 0.00367571 0.00294657 0.00303532 0.00258657 0.00266193 0.00275066 0.00297556
2.0266 0.097836 0.0293926 0.00890769 0.00533283 0.0038056 0.002453 0.00175715 0.000897968 0.00164896 0.00168706 0.00209529
2.0303 0.0970389 0.0286586 0.00885404 0.00502464 0.0037947 0.00209047 0.00159401 0.00152122 0.00205241 0.00179496 0.0029792
2.034 0.0967476 0.0289498 0.00924366 0.00578282 0.00427791 0.00286505 0.00214964 0.00142631 0.00178471 0.00207509 0.00317958
2.0377 0.0952673 0.0288049 0.00865874 0.00519943 0.0035732 0.00213011 0.0018368 0.00190389 0.00174753 0.00219538 0.00299039
2.0414 0.0964624 0.0275661 0.00837363 0.00420092 0.00319315 0.00164263 0.00123512 0.00160142 0.00163045 0.00268659 0.00275749
2.0451 0.0969332 0.0283645 0.00870887 0.00490822 0.0031603 0.00221534 0.00134752 0.00145074 0.00128499 0.00173257 0.00214006
2.0488 0.0976317 0.0291439 0.00856589 0.00422248 0.00254126 0.0014776 0.000999199 0.000801441 0.00118189 0.00133079 0.00192412
2.0525 0.094798 0.0287499 0.00882981 0.00483445 0.00300461 0.00153434 0.00105071 0.000624732 0.000476518 0.000868644 0.00239237
2.0562 0.0938108 0.0289087 0.00920653 0.00496076 0.00341443 0.0017267 0.00117973 0.000503442 0.00143941 0.00171577 0.0026652
2.0599 0.0930831 0.0294459 0.0092194 0.00492033 0.00294705 0.00171226 0.00124082 0.00102525 0.00147787 0.00184008 0.00188052
2.0636 0.0936266 0.0297541 0.00914847 0.00469517 0.00268303 0.00213023 0.00225834 0.00152267 0.000411467 0.00105385 0.00205948
2.0673 0.0938375 0.0289244 0.00899711 0.00473689 0.0026752 0.00150844 0.0013717 0.00132976 0.00121411 0.00162419 0.00229028
2.071 0.0922508 0.0291964 0.00889388 0.00509153 0.00266482 0.00145867 0.00117779 0.00169537 0.00145893 0.00169596 0.00187067
2.0747 0.0927344 0.0285652 0.00817918 0.00436038 0.00281831 0.00175873 0.00101689 0.0006215 0.000637915 0.00125647 0.00213095
2.0784 0.0905958 0.028788 0.00872636 0.00461539 0.00315809 0.00195831 0.00089086 0.000548774 0.000781358 0.000991174 0.00197721
2.0821 0.0903804 0.0287362 0.00867179 0.00457254 0.00259989 0.00136198 0.00126729 0.00091425 0.000844079 0.00126561 0.00210871
2.0858 0.090378 0.0300481 0.00920024 0.00402893 0.00272479 0.00136382 0.000752674 0.000154712 0.000888159 0.000970658 0.00190052
2.0895 0.0887648 0.0294099 0.00887488 0.00451574 0.00292202 0.00214781 0.00171836 0.00119654 0.00100786 0.0010407 0.00228978
2.0932 0.0868141 0.0288019 0.0084371 0.00403825 0.0025291 0.00125176 0.000647329 0.000639726 0.00147866 0.0013749 0.00245374
2.0969 0.0863967 0.0285418 0.00830089 0.00406053 0.00198203 0.0016968 0.00114794 0.00128645 0.0011787 0.00168768 0.0025935
2.1006 0.0864438 0.028763 0.00855476 0.00432911 0.00259004 0.00196047 0.00142217 0.000485757 0.000686895 0.00105339 0.00210704
2.1043 0.0861968 0.0288391 0.00850106 0.00441824 0.00303705 0.0019237 0.000933228 0.000860426 0.000978018 0.00134845 0.00198002
2.108 0.0852456 0.0287646 0.00857048 0.00477402 0.00248938 0.00125423 0.000802907 0.000743565 0.00091693 0.00131047 0.00189804
2.1117 0.0846624 0.0291224 0.00876553 0.00466933 0.00288341 0.00192085 0.00123106 0.000756568 0.00056371 0.000396183 0.00208152
2.1154 0.0845156 0.0292768 0.00930381 0.00499419 0.0027266 0.00141674 0.000921151 0.00107262 0.00133816 0.00147899 0.00230519
2.1191 0.0847488 0.0291478 0.0085793 0.00451962 0.00228994 0.00131061 0.00120052 0.00131898 0.00191126 0.00225003 0.0025858
2.1228 0.0828807 0.0288746 0.0084665 0.00443345 0.00264096 0.00142638 0.000860224 0.000752814 0.00111919 0.00151162 0.00239279
2.1265 0.0840532 0.029827 0.00878244 0.00451424 0.00254855 0.00164627 0.000803342 0.000205321 0.000564439 0.000927949 0.00166577
2.1302 0.0835785 0.0296434 0.00896777 0.00457187 0.00290925 0.00184411 0.00133331 0.00121754 0.00161906 0.00115668 0.00192307
2.1339 0.0836991 0.0293486 0.00902856 0.00440474 0.00248739 0.00164843 0.0010511 0.000859918 0.00119018 0.0015845 0.00251452
2.1376 0.0838378 0.0295229 0.00915518 0.00472175 0.00301425 0.00189879 0.00111582 0.000488452 0.00117867 0.00115669 0.00226319
2.1413 0.0820264 0.0291748 0.00902056 0.0045735 0.00240163 0.00180874 0.00138882 0.0013923 0.00161855 0.00193167 0.00260312
2.145 0.0822599 0.0300026 0.00940862 0.00474395 0.00318257 0.00181747 0.0010189 0.00104339 0.00080494 0.00114836 0.00277731
2.1487 0.084236 0.0301009 0.00974666 0.00476576 0.00273039 0.0015639 0.00151158 0.00153847 0.00127536 0.00131505 0.00180051
2.1524 0.083969 0.0296886 0.00949683 0.00553488 0.00306622 0.0021896 0.0013463 0.00152868 0.00162818 0.00151862 0.00233694
2.1561 0.0826991 0.0298484 0.00826509 0.00445191 0.00272993 0.00180909 0.00174034 0.00141905 0.0012202 0.00135125 0.00222799
2.1598 0.082533 0.0294889 0.00879521 0.00464805 0.00276851 0.00151081 0.00109052 0.00098013 0.000820871 0.0012031 0.00223632
2.1635 0.0835272 0.0309071 0.00950227 0.00495467 0.00308493 0.00119373 0.00103877 0.00113473 0.00153368 0.00158672 0.00221746
2.1672 0.0827753 0.0303087 0.00915407 0.00459392 0.00258699 0.00159267 0.00109626 0.00119839 0.00117981 0.000960088 0.00198368
2.1709 0.0821641 0.0304685 0.00930007 0.00467593 0.00274194 0.00157561 0.0012 0.000713581 0.000783164 0.00105529 0.00175266
2.1746 0.0814186 0.0301463 0.00916186 0.0043493 0.00222153 0.00143731 0.0010224 0.000714504 0.000936894 0.00114038 0.0016306
2.1783 0.0811989 0.0300505 0.00898752 0.00427183 0.00258848 0.00172757 0.00126836 0.000925986 0.00126726 0.00127926 0.00209992
2.182 0.0809033 0.0304581 0.0092771 0.0048622 0.00287372 0.00167379 0.00144978 0.0011332 0.00104344 0.00115344 0.00201634
2.1857 0.0812552 0.0300992 0.00911711 0.00458285 0.00270591 0.00207753 0.000880029 0.000431474 0.000979295 0.00182978 0.00230357
2.1894 0.0799592 0.0297293 0.00902478 0.00428016 0.00263843 0.00151028 0.00086707 0.000958175 0.000793327 0.00105486 0.00181599
2.1931 0.0816859 0.0309434 0.00938112 0.00479608 0.00281514 0.0016212 0.00120347 0.00126606 0.00116505 0.00130878 0.00202685
2.1968 0.0815105 0.0314559 0.00988231 0.00489456 0.00290204 0.00211487 0.00115972 0.00131504 0.00139385 0.00149854 0.00230399
2.2005 0.0817368 0.0309479 0.00961357 0.00498016 0.00316674 0.00209771 0.00162552 0.00137342 0.00108667 0.00121889 0.00197161
2.2042 0.0804361 0.0307375 0.00959625 0.00512475 0.00291021 0.00227675 0.00175886 0.00141963 0.00152827 0.00154671 0.00244971
2.2079 0.080782 0.0301199 0.00920744 0.00515196 0.00302136 0.00137688 0.000956962 0.000578012 0.00070906 0.000993846 0.00214211
2.2116 0.0833026 0.0304375 0.0094869 0.00482435 0.00270311 0.00145259 0.00114351 0.00115848 0.00164738 0.00165828 0.00238852
2.2153 0.0831632 0.0306753 0.00924382 0.00505127 0.00307447 0.00194647 0.00152149 0.00112495 0.00162456 0.00194358 0.00285071
2.219 0.0838675 0.0309576 0.00946943 0.00528122 0.0034779 0.00265217 0.00151751 0.00108381 0.00127747 0.00169098 0.00265642
2.2227 0.0826474 0.0321671 0.0103316 0.00576385 0.00373516 0.00243959 0.00164144 0.00139197 0.00140961 0.00171353 0.00254891
2.2264 0.0819711 0.0319698 0.0094592 0.00523932 0.00352136 0.00190831 0.00147019 0.00148956 0.00211161 0.0018066 0.0025486
2.2301 0.0809994 0.0316501 0.0100281 0.00573542 0.00345543 0.00226503 0.0018614 0.00127009 0.00123789 0.00199719 0.00259729
2.2338 0.082856 0.0311898 0.00983676 0.00543081 0.00387978 0.00296148 0.00173418 0.00147137 0.00125339 0.00140652 0.00235045
2.2375 0.0812861 0.0322155 0.0106178 0.00573883 0.00339614 0.00208653 0.00188444 0.00131737 0.00196905 0.00246018 0.00265709
2.2412 0.0811274 0.0304483 0.00965628 0.00558764 0.00327821 0.00216831 0.00123202 0.00140519 0.001311 0.00200475 0.00280851
2.2449 0.0823549 0.0315184 0.00997592 0.00525945 0.00318626 0.0021119 0.00150999 0.0014097 0.0014675 0.00167921 0.00255268
2.2486 0.0829893 0.0319224 0.0104004 0.00516905 0.00268495 0.00183336 0.00100482 0.00099213 0.00136775 0.0015403 0.00209554
2.2523 0.0820635 0.032134 0.00998895 0.00491089 0.00302753 0.0015245 0.00139783 0.00146845 0.00157806 0.00171826 0.00238315
2.256 0.0822254 0.0324317 0.0102977 0.00501885 0.00364554 0.00228248 0.00168195 0.00112535 0.00145865 0.00174792 0.0021482
2.2597 0.0823042 0.0331921 0.0101249 0.00544372 0.00367686 0.00250893 0.0018685 0.00164604 0.00130525 0.00199012 0.00292995
2.2634 0.0827621 0.0332332 0.0105736 0.00574728 0.00341085 0.00204097 0.0021094 0.00142177 0.00183165 0.00215022 0.00304402
2.2671 0.0812887 0.0321126 0.0102087 0.00526848 0.00292056 0.00226227 0.0020132 0.00196963 0.00154395 0.001894 0.00279769
2.2708 0.0815194 0.0315838 0.00968598 0.00524705 0.00370157 0.00232952 0.0016636 0.00136606 0.00173665 0.00150922 0.00288283
2.2745 0.0834085 0.0328808 0.010157 0.00540183 0.00354854 0.00265934 0.00243361 0.00197255 0.00163855 0.00167414 0.00256296
2.2782 0.0829178 0.0325805 0.0102153 0.0055884 0.00378509 0.00259504 0.00181845 0.00170679 0.00144732 0.00171279 0.00253452
2.2819 0.0835009 0.033264 0.0107022 0.00564321 0.00327605 0.0018946 0.00148639 0.00132597 0.00164127 0.00192398 0.00246521
2.2856 0.0845309 0.033121 0.010953 0.00582132 0.00398322 0.00230961 0.0014375 0.00127044 0.00134787 0.00196676 0.00286788
2.2893 0.0855569 0.0338267 0.0114127 0.00653445 0.00447761 0.00293898 0.00182704 0.00147361 0.00190797 0.00243607 0.00280743
2.293 0.0844809 0.0338094 0.0109176 0.00621521 0.00422525 0.00272059 0.00206125 0.0017832 0.00181676 0.00193893 0.00291969
2.2967 0.085764 0.0332043 0.0100398 0.00557003 0.00383968 0.00276999 0.00238014 0.00235659 0.0021016 0.00238849 0.00304906
2.3004 0.0852095 0.0329131 0.0106466 0.00606313 0.00384396 0.00241123 0.00210151 0.00179131 0.00206672 0.00240918 0.00350585
2.3041 0.0858593 0.0339395 0.0108577 0.00609277 0.0038732 0.00231207 0.0019023 0.0020524 0.00197368 0.0020344 0.00317328
2.3078 0.0866025 0.0338758 0.0110629 0.00569329 0.00350367 0.00309172 0.00289172 0.00213223 0.00170366 0.00235183 0.00326157
2.3115 0.08683 0.0346252 0.0114022 0.00602358 0.00432932 0.00322856 0.00246861 0.00246246 0.0018271 0.00216237 0.00289627
2.3152 0.0862294 0.0346809 0.0113869 0.0059208 0.00382028 0.00272079 0.00226099 0.00170198 0.00176995 0.00205564 0.00299619
2.3189 0.086375 0.0343846 0.011469 0.00608826 0.00396356 0.00258567 0.00156833 0.00166219 0.0020087 0.00212591 0.00290291
2.3226 0.0853162 0.0340255 0.0111031 0.00562323 0.00362824 0.00259829 0.00217286 0.00186008 0.00179673 0.00215072 0.00310339
2.3263 0.0885512 0.0327163 0.011253 0.00628298 0.00440163 0.00276777 0.00192612 0.00231998 0.0019713 0.00215632 0.00297931
2.33 0.0886502 0.0344846 0.0108387 0.00608177 0.00418611 0.00296981 0.00184491 0.00177432 0.00182147 0.00217248 0.00283004
2.3337 0.0855675 0.0345251 0.0112062 0.00613363 0.00389905 0.00234788 0.00224103 0.00261361 0.0023115 0.00219261 0.00299243
2.3374 0.0854447 0.0342748 0.0109423 0.00640446 0.0040333 0.00289215 0.00219167 0.00194315 0.00191821 0.00238119 0.00357666
2.3411 0.0854545 0.0339744 0.0112319 0.0064022 0.00439781 0.00300242 0.00203894 0.00222205 0.00278253 0.00279194 0.0032694
2.3448 0.0865869 0.034152 0.0106876 0.00622827 0.00428866 0.00277612 0.0017718 0.00178314 0.00166044 0.00237724 0.0032551
2.3485 0.0848002 0.0336791 0.0105572 0.00604159 0.0044552 0.00366612 0.00235506 0.00177392 0.00154325 0.00209788 0.003462
2.3522 0.0879215 0.034907 0.0115531 0.00634055 0.00408574 0.0025694 0.0024571 0.00230498 0.0025197 0.00243073 0.00336197
2.3559 0.0885504 0.0355276 0.0122132 0.006497 0.0039234 0.00282802 0.0021295 0.00248556 0.00268799 0.00267132 0.00278201
2.3596 0.0871441 0.0348089 0.0111998 0.00656773 0.00469884 0.00404109 0.00294019 0.00217237 0.00206548 0.00259811 0.00305439
2.3633 0.0866867 0.035378 0.0117129 0.00626878 0.00426632 0.00323722 0.00274421 0.0018601 0.00138977 0.00138221 0.00284692
2.367 0.086849 0.0353603 0.0118014 0.00627703 0.00430662 0.00263217 0.00193039 0.00130198 0.00157165 0.00237691 0.00311043
2.3707 0.0869777 0.035213 0.0112314 0.00644269 0.0045559 0.0029288 0.00241549 0.00176902 0.00190134 0.00253145 0.00320758
2.3744 0.0864164 0.0360905 0.0115869 0.00651986 0.00491029 0.00287009 0.00206222 0.00163128 0.00148696 0.00212323 0.00335169
2.3781 0.0862883 0.0354891 0.0119636 0.0065104 0.00427742 0.00328028 0.00209178 0.00222877 0.00188533 0.00244829 0.00352649
2.3818 0.0867232 0.0359475 0.0125692 0.00687639 0.00442532 0.00305439 0.00253293 0.00201937 0.00246663 0.00212957 0.00281727
2.3855 0.0867555 0.0354544 0.0120224 0.00661626 0.00393393 0.00297017 0.0029416 0.0028048 0.00232734 0.00165213 0.00300507
2.3892 0.0867639 0.0356997 0.0116179 0.00636711 0.0045657 0.0032992 0.00280178 0.00251551 0.0029035 0.00277516 0.00350754
2.3929 0.088515 0.0366484 0.0118739 0.00658902 0.00440622 0.00336025 0.00245589 0.00223768 0.00186052 0.00197427 0.00309058
2.3966 0.0892609 0.0369357 0.0123235 0.00650315 0.00422763 0.00337005 0.00256712 0.00214948 0.00196491 0.00268317 0.00262181
2.4003 0.0894465 0.0366375 0.0121437 0.00692794 0.00460809 0.00325998 0.00243129 0.0018937 0.0016233 0.00236755 0.003932
2.404 0.090607 0.037346 0.0119909 0.00646573 0.0044452 0.00262264 0.00169329 0.00132679 0.00138093 0.00146323 0.00281688
2.4077 0.0890815 0.0372757 0.0119641 0.00648196 0.00404029 0.00302482 0.00240232 0.00239855 0.00239147 0.00259486 0.00362202
2.4114 0.0894087 0.0374079 0.0122134 0.00668727 0.00440679 0.0030564 0.00242594 0.00169791 0.00191091 0.00202836 0.00274335
2.4151 0.0896019 0.037094 0.0124544 0.00737257 0.00501834 0.00313242 0.00300692 0.00222299 0.00230234 0.00241587 0.00369952
2.4188 0.0893807 0.0364784 0.0119454 0.00668587 0.00410853 0.00289668 0.00251222 0.00254019 0.00221912 0.0018085 0.00312
2.4225 0.0905627 0.037714 0.0124217 0.00689263 0.0045714 0.00345977 0.00243906 0.00173509 0.00178 0.0024547 0.00332078
2.4262 0.0917316 0.0371093 0.011719 0.00641349 0.00482066 0.00391707 0.00327478 0.00270525 0.0025605 0.00225172 0.00337743
2.4299 0.0912778 0.0376502 0.0123101 0.00654996 0.00463306 0.00309156 0.00234122 0.00184842 0.00182492 0.0019512 0.00369191
2.4336 0.0904687 0.0372847 0.0125486 0.00670244 0.00437687 0.00318009 0.00233616 0.00174353 0.00235837 0.00264842 0.00419365
2.4373 0.0902144 0.0363464 0.0120872 0.00713372 0.00468525 0.00304019 0.00194608 0.00151552 0.00183763 0.00246066 0.00329024
2.441 0.0893859 0.0371807 0.0121827 0.00695378 0.00434795 0.00293931 0.00236469 0.00176324 0.00216128 0.00214915 0.00303445
2.4447 0.0905917 0.038266 0.0127278 0.00727068 0.00445122 0.0025004 0.00208886 0.00172299 0.00205451 0.00216337 0.00347329
2.4484 0.0922282 0.0381013 0.0127829 0.00711021 0.00472802 0.00331096 0.0021547 0.00176408 0.00145668 0.0025041 0.00333099
2.4521 0.0901785 0.037355 0.0124207 0.00671716 0.00445574 0.002888 0.00271461 0.00246973 0.00242921 0.00254393 0.00333148
2.4558 0.0913773 0.0386631 0.0126361 0.00712083 0.00495059 0.00369231 0.00232475 0.00254242 0.00208868 0.00284482 0.00388854
2.4595 0.0917496 0.0377761 0.0122388 0.00693221 0.00431739 0.00263604 0.00173106 0.00175692 0.00188838 0.00232974 0.00289608
2.4632 0.0912274 0.0376581 0.0121417 0.0067834 0.00399119 0.00259982 0.00177388 0.00202505 0.00168878 0.00230955 0.00341951
2.4669 0.0927196 0.0391752 0.0131786 0.00746563 0.00486049 0.00257971 0.0013174 0.00130166 0.00166199 0.00192816 0.00292695
2.4706 0.0916841 0.0386875 0.0127252 0.00694228 0.00449359 0.00313355 0.00235505 0.00215532 0.00126185 0.00151071 0.00296383
2.4743 0.0918537 0.0389541 0.0135839 0.0075317 0.00550497 0.0032915 0.00209939 0.00234382 0.00217411 0.0018596 0.00205655
2.478 0.0933063 0.0395609 0.0128479 0.00700502 0.0044822 0.00288725 0.00232468 0.00264823 0.0025109 0.00248402 0.00322447
2.4817 0.0923583 0.0381562 0.0123549 0.00661024 0.00421411 0.00314229 0.0023093 0.00242714 0.00235278 0.0020981 0.00257534
2.4854 0.0915501 0.0379787 0.0117554 0.00588869 0.00419919 0.00285393 0.00213322 0.00196238 0.00224624 0.00194283 0.00307861
2.4891 0.0941099 0.0391546 0.0123491 0.00635019 0.00451909 0.00264317 0.0019182 0.00248293 0.00298841 0.00300082 0.003943
2.4928 0.0942714 0.0370196 0.0122614 0.00616912 0.0043736 0.00340061 0.00240926 0.00226913 0.00240004 0.00263744 0.00335123
2.4965 0.094937 0.0396485 0.0130617 0.00733365 0.00510152 0.00289486 0.00223598 0.00176964 0.00122562 0.00178473 0.00272202
2.5002 0.0955557 0.0399151 0.0130869 0.00759071 0.00499836 0.00312603 0.00220521 0.0026921 0.0029963 0.00227791 0.00294953
2.5039 0.0961336 0.040922 0.013039 0.00768501 0.00465175 0.00300723 0.00259026 0.0017524 0.00200377 0.00225428 0.00290035
2.5076 0.095865 0.0396569 0.0133234 0.00743414 0.00513888 0.00323938 0.00217847 0.0020582 0.00233435 0.00215103 0.00316218
2.5113 0.0955667 0.0395978 0.0130007 0.00748441 0.00508892 0.00333143 0.00292275 0.00274735 0.00216991 0.00213951 0.00256693
2.515 0.0943593 0.0404037 0.0135739 0.00756357 0.00508592 0.00343754 0.00230983 0.00203646 0.00137695 0.00206636 0.00298277
2.5187 0.0970568 0.0414275 0.0141294 0.00789773 0.00468433 0.00367337 0.00253282 0.00194258 0.002026 0.00263618 0.00343137
2.5224 0.097243 0.0405244 0.0124924 0.00673713 0.00472199 0.00314552 0.00281316 0.00238809 0.00321176 0.00291693 0.00368055
2.5261 0.0968742 0.0410204 0.0135103 0.00720435 0.00469795 0.00342745 0.00265054 0.00191405 0.00163669 0.00191691 0.00339062
2.5298 0.0967315 0.0409002 0.0129316 0.00719276 0.00483491 0.00347196 0.00280312 0.00223047 0.00132012 0.00170154 0.00267325
2.5335 0.0973093 0.0401849 0.0127282 0.00701544 0.00468347 0.00339066 0.0028584 0.00345846 0.00236847 0.00145652 0.00291885
2.5372 0.0967279 0.0412447 0.0129508 0.006455 0.00392869 0.00263114 0.00193147 0.00237945 0.00262831 0.00257352 0.00342538
2.5409 0.0971833 0.0402253 0.0125072 0.00722955 0.00426979 0.00331384 0.00261458 0.00261319 0.00166337 0.002304 0.00323155
2.5446 0.0990953 0.0418347 0.0134719 0.00697172 0.00424472 0.00307484 0.00195834 0.00186297 0.00233306 0.00254345 0.00345087
2.5483 0.100272 0.0419881 0.0131858 0.00711545 0.00380955 0.00283387 0.00265263 0.00252942 0.00235287 0.00253689 0.00425236
2.552 0.0991655 0.0405396 0.0127502 0.00736034 0.00489984 0.00297439 0.00232576 0.00276627 0.00258216 0.00281407 0.00377789
2.5557 0.098971 0.0422763 0.0135855 0.00755684 0.00490466 0.00435061 0.00349799 0.00310333 0.00278073 0.00223367 0.00306179
2.5594 0.0974183 0.0414021 0.0140231 0.00783806 0.00470649 0.00373707 0.00271009 0.00253859 0.00249304 0.00271665 0.00362607
2.5631 0.0995854 0.0421419 0.0141257 0.00760646 0.00462956 0.00246509 0.00202945 0.00205856 0.00236089 0.00243035 0.00368118
2.5668 0.0977466 0.0417124 0.0141891 0.00764907 0.00540672 0.00324649 0.0027251 0.00257727 0.00245091 0.00323696 0.00400896
2.5705 0.0983366 0.0414699 0.0133795 0.00800949 0.00432314 0.00261026 0.00252635 0.00271898 0.00255333 0.00235967 0.00316123
2.5742 0.0990717 0.0417287 0.0134222 0.00742608 0.00508835 0.00411501 0.00363584 0.00223034 0.00144023 0.00200924 0.00308706
2.5779 0.101798 0.043056 0.0138739 0.00784505 0.0055357 0.00311983 0.00199949 0.00241751 0.00215551 0.00225874 0.00286613
2.5816 0.107401 0.0408301 0.01226 0.00814904 0.00415556 0.00313342 0.00296445 0.00217972 0.00264864 0.00207935 0.00252608
2.5853 0.109173 0.0295806 0.0129141 0.0071802 0.00540855 0.003859 0.00268081 0.00190838 0.00172401 0.00150912 0.00370247
2.589 0.103216 0.0440065 0.0140485 0.00647962 0.00325464 0.00286508 0.00305934 0.00280135 0.00283216 0.0030297 0.00383108
2.5927 0.101875 0.0424612 0.0135185 0.00754685 0.00421697 0.00239424 0.00260254 0.00359746 0.00220911 0.00207165 0.00355953
2.5964 0.101926 0.0427757 0.0131323 0.00785371 0.00542646 0.00289511 0.00206543 0.00211534 0.00113572 0.00157513 0.00231093
2.6001 0.102543 0.0427006 0.0135463 0.00763622 0.00538431 0.00353046 0.00281717 0.00260604 0.00258049 0.00294735 0.0036384
2.6038 0.101634 0.0423459 0.0140877 0.00836439 0.00482797 0.00299405 0.00148132 0.00192884 0.00143634 0.00199997 0.00354745
2.6075 0.102026 0.0422489 0.0136853 0.00747237 0.00442568 0.00399649 0.00235881 0.00189434 0.00286485 0.00258493 0.00296529
2.6112 0.103747 0.0438666 0.01422 0.00718117 0.00418954 0.00300757 0.00225564 0.00254003 0.00221395 0.00213646 0.00301313
2.6149 0.102857 0.0429037 0.0141192 0.007447 0.00455331 0.00292537 0.00244865 0.00115601 0.00158286 0.00218343 0.00351224
2.6186 0.105032 0.0433394 0.0141913 0.0077089 0.00496531 0.00364439 0.00292127 0.00223402 0.0026072 0.00227119 0.00237529
2.6223 0.105687 0.0444995 0.0142821 0.00828729 0.00519527 0.00307294 0.00201678 0.00189796 0.00227842 0.00263951 0.00347652
2.626 0.104498 0.0428876 0.013332 0.00788257 0.00545267 0.0035436 0.00197985 0.00179588 0.00291317 0.00312047 0.00454329
2.6297 0.105709 0.0429496 0.0138573 0.00879131 0.00565932 0.0042234 0.00266065 0.00251193 0.00156983 0.00227595 0.00379712
2.6334 0.106296 0.0431218 0.0143504 0.00780776 0.00481326 0.00366812 0.00293388 0.00261571 0.00242813 0.0028332 0.00383158
2.6371 0.106436 0.0433426 0.0140983 0.00855146 0.0052111 0.00337094 0.00277142 0.00250153 0.00247505 0.0032619 0.00411045
2.6408 0.107249 0.0446469 0.0148324 0.00845456 0.00556621 0.00350051 0.00329974 0.00180348 0.00200501 0.00301146 0.00354462
2.6445 0.109355 0.0452161 0.0146314 0.00790061 0.00540669 0.00380677 0.00230584 0.00200525 0.00345416 0.00320164 0.0041978
2.6482 0.108437 0.0462758 0.0153391 0.00964397 0.00643201 0.00416235 0.00285696 0.00224798 0.00216188 0.00212012 0.00366014
2.6519 0.109671 0.0449011 0.0144446 0.0082138 0.0048627 0.00403277 0.00222621 0.00184774 0.00168151 0.00270516 0.00400662
2.6556 0.108588 0.0447257 0.0145504 0.00797032 0.00480827 0.00338033 0.00315374 0.00333881 0.00287641 0.0029642 0.00435629
2.6593 0.11189 0.0463364 0.0143504 0.00767882 0.00464041 0.00347826 0.00248289 0.00258917 0.00194762 0.00253562 0.00401576
2.663 0.109512 0.0467711 0.0157426 0.00918552 0.00521091 0.00352281 0.0022883 0.00118664 0.00213639 0.00302056 0.00399285
2.6667 0.109078 0.0464609 0.0163384 0.00880753 0.00592455 0.00391299 0.00319018 0.00244851 0.00211063 0.00262546 0.00389343
2.6704 0.109564 0.0455172 0.0153922 0.00930442 0.00636906 0.00509903 0.00328699 0.00234334 0.00245511 0.00231217 0.00418778
2.6741 0.110273 0.0460165 0.0148308 0.00835597 0.00553998 0.00401224 0.00236507 0.0024422 0.00279442 0.00291762 0.00393735
2.6778 0.110407 0.0470808 0.0150105 0.00816003 0.00539668 0.00265239 0.00193896 0.00129473 0.00258913 0.00319533 0.00449025
2.6815 0.112158 0.0458488 0.0140655 0.00823114 0.0058807 0.00413773 0.00323564 0.00328683 0.0036727 0.00268439 0.00328914
2.6852 0.111018 0.0462281 0.0146 0.00911211 0.00632205 0.00517968 0.00337621 0.00253221 0.00268083 0.00220517 0.00313104
2.6889 0.110937 0.0464624 0.0155414 0.00826423 0.00575985 0.00400188 0.00330879 0.00257874 0.00186029 0.00256745 0.00343664
2.6926 0.111023 0.0466413 0.0159503 0.00918667 0.00636868 0.00427412 0.00289812 0.00288866 0.0023155 0.00269283 0.00394687
2.6963 0.112181 0.0461515 0.0146591 0.00883107 0.00611933 0.00434298 0.00389885 0.0033828 0.00390687 0.00447283 0.0038882
2.7 0.113676 0.0469057 0.0159394 0.00906469 0.00619379 0.00496594 0.00441417 0.00373963 0.00293079 0.00287211 0.0031927
2.7037 0.114421 0.0483638 0.0157143 0.00814405 0.00561981 0.00425415 0.00363291 0.00398629 0.00304441 0.00352321 0.00451597
2.7074 0.113968 0.0476006 0.0160395 0.00868174 0.00502686 0.0032795 0.00233725 0.00274601 0.00317474 0.00333497 0.00480194
2.7111 0.1143 0.0486022 0.0155197 0.00876903 0.00586159 0.00463791 0.00422763 0.00272136 0.00212942 0.00190759 0.00360793
2.7148 0.114011 0.0486069 0.0160744 0.00978774 0.00705435 0.00492797 0.0041103 0.0026431 0.000827575 0.00227621 0.00293855
2.7185 0.115413 0.0484639 0.0171831 0.00963889 0.00655069 0.00499428 0.00407122 0.00316961 0.00321981 0.00410588 0.00478267
2.7222 0.114045 0.0477674 0.0166838 0.0107044 0.00747739 0.00549484 0.00428415 0.0033978 0.00260847 0.00364068 0.00405747
2.7259 0.116195 0.048458 0.0154479 0.0104214 0.00798758 0.00556958 0.00500734 0.00377968 0.0052611 0.00386879 0.0042445
2.7296 0.117432 0.0493531 0.0163474 0.00832089 0.00648258 0.00371789 0.00308924 0.00212098 0.0027181 0.00256936 0.00372852
2.7333 0.118502 0.0491783 0.0165513 0.00919597 0.00569666 0.00414582 0.00337379 0.00260121 0.00250441 0.00273547 0.00294489
2.737 0.118233 0.0483333 0.0166532 0.00980767 0.00613372 0.00441613 0.00374382 0.00372015 0.00356768 0.00341419 0.00478674
2.7407 0.118444 0.0497356 0.0173675 0.0100899 0.00611293 0.00498315 0.00462081 0.00334808 0.00311004 0.00362891 0.00399457
2.7444 0.116595 0.0485822 0.0166825 0.00999164 0.0067207 0.00544454 0.00372959 0.00353205 0.00268411 0.00241315 0.00376763
2.7481 0.118753 0.0492916 0.016331 0.00943918 0.00577821 0.0040493 0.00299477 0.00301545 0.00269785 0.0025796 0.00326678
2.7518 0.118103 0.0488958 0.0155435 0.00882307 0.00595881 0.00435969 0.00404181 0.00286425 0.00286874 0.00351212 0.00410167
2.7555 0.117991 0.0497267 0.0161706 0.00951443 0.0054404 0.00306386 0.00223984 0.00270609 0.00259698 0.00445238 0.00482243
2.7592 0.117806 0.0495849 0.0168396 0.00943324 0.00610354 0.0045545 0.00423969 0.00363214 0.00340447 0.00296947 0.00313186
2.7629 0.1201 0.0500007 0.016956 0.0110527 0.00733751 0.0036733 0.00364247 0.00370327 0.00355054 0.00366205 0.00376099
2.7666 0.121176 0.0499603 0.0155029 0.00947959 0.00704707 0.00417572 0.00301478 0.00227294 0.00199336 0.00257436 0.00332598
2.7703 0.120546 0.0505563 0.0160417 0.00974743 0.00595067 0.00404477 0.00251032 0.00258725 0.00318371 0.00309339 0.00404817
2.774 0.121414 0.0499096 0.0168195 0.00974927 0.00661542 0.00415121 0.0030547 0.00322897 0.00273555 0.00340462 0.00366382
2.7777 0.120822 0.0510755 0.0160237 0.00932978 0.00775127 0.00540091 0.0046335 0.00352718 0.00316226 0.00327915 0.00371969
2.7814 0.119556 0.0501508 0.0166742 0.00950627 0.00686424 0.00495403 0.00417631 0.00170668 0.00237472 0.00207835 0.00446488
2.7851 0.120593 0.0510742 0.0166947 0.00939098 0.00668529 0.00512549 0.00354133 0.00321387 0.00296391 0.00236885 0.00420064
2.7888 0.121988 0.0507598 0.0164132 0.00921437 0.00525025 0.00412988 0.00318555 0.00321564 0.00289405 0.00346087 0.00391687
2.7925 0.12242 0.0517768 0.0162158 0.00814798 0.00604812 0.00413713 0.00233419 0.00243983 0.00128762 0.0025268 0.00447446
2.7962 0.121064 0.0511887 0.0163021 0.0101181 0.00585033 0.00402325 0.00230734 0.00313693 0.00339368 0.00392193 0.00509826
2.7999 0.124618 0.052852 0.0174619 0.00998864 0.00615591 0.00410877 0.00275309 0.00288574 0.00255461 0.00257317 0.00369414
2.8036 0.123031 0.0522027 0.0170603 0.0099926 0.00755112 0.00444799 0.00215392 0.00185212 0.00142094 0.00283036 0.00403266
2.8073 0.125216 0.0543474 0.0180772 0.0106843 0.00684296 0.00532851 0.00371035 0.00379636 0.00349341 0.00369255 0.0040584
2.811 0.123128 0.0521305 0.0170676 0.00977531 0.00750158 0.00462794 0.00368461 0.00271643 0.00247361 0.00374414 0.00528474
2.8147 0.123118 0.0523848 0.0173776 0.00805292 0.00682813 0.0046687 0.00389167 0.00413865 0.00324505 0.0036311 0.00576547
2.8184 0.124112 0.0531841 0.0177212 0.0105322 0.00686315 0.0050812 0.00390518 0.00247557 0.00265055 0.00316551 0.00455639
2.8221 0.123716 0.0529491 0.0176499 0.0106694 0.00675606 0.00480848 0.00333955 0.00329209 0.00351151 0.00322287 0.00417582
2.8258 0.125014 0.0523376 0.0177136 0.0113088 0.00698667 0.0048547 0.00376268 0.00426624 0.00391763 0.00352459 0.00427847
2.8295 0.127141 0.0537433 0.0184936 0.00992102 0.00647952 0.00472054 0.00436131 0.00418003 0.00420691 0.00482109 0.00498664
2.8332 0.125499 0.0539054 0.0182744 0.0110022 0.0076735 0.0050723 0.00382373 0.00414858 0.00393967 0.00280904 0.00505781
2.8369 0.128077 0.0539425 0.0179892 0.0101891 0.00714875 0.00583844 0.00396552 0.00375237 0.00410568 0.00432628 0.00496034
2.8406 0.125783 0.0529615 0.0179896 0.0109377 0.00643537 0.00470694 0.00283865 0.00303588 0.00332742 0.00327779 0.00343329
2.8443 0.127467 0.0530734 0.0182936 0.0108147 0.00839169 0.00559391 0.00397258 0.00442841 0.00334575 0.00297658 0.00324495
2.848 0.12708 0.0535987 0.0180713 0.0105438 0.0081093 0.00507841 0.00378843 0.00406205 0.00260542 0.00239147 0.00397589
2.8517 0.128547 0.0550194 0.0184716 0.00895585 0.0072796 0.00572946 0.00277178 0.00177829 0.00289841 0.00430631 0.00442349
2.8554 0.128451 0.0533429 0.0174234 0.010204 0.00731426 0.00570916 0.00446195 0.00426872 0.00414587 0.00395112 0.00530979
2.8591 0.125732 0.0533832 0.0172979 0.00976925 0.00721417 0.00517246 0.00457721 0.00389189 0.00291085 0.00238759 0.0034871
2.8628 0.127481 0.0536915 0.0175437 0.0103033 0.00578681 0.00454294 0.00390644 0.00363368 0.00289501 0.00409947 0.00472139
2.8665 0.126747 0.0531008 0.0189513 0.0101027 0.00695654 0.00488268 0.00316037 0.00273129 0.0029675 0.00305263 0.00502008
2.8702 0.126612 0.0537894 0.0185034 0.0103024 0.00669247 0.00539083 0.00425299 0.00380366 0.00282678 0.00367746 0.0041763
2.8739 0.1273 0.0516492 0.0169695 0.00956778 0.00601581 0.00400653 0.00374183 0.00379735 0.00276449 0.00286782 0.00419555
2.8776 0.130945 0.0549208 0.0181847 0.0106669 0.00707055 0.00547319 0.00386938 0.00311659 0.00358192 0.00330298 0.00356575
2.8813 0.130981 0.0544111 0.0181548 0.00949912 0.00682248 0.00518718 0.00486188 0.00417643 0.00348483 0.00275738 0.00329672
2.885 0.129896 0.0557155 0.0181752 0.0095694 0.00718348 0.00628467 0.00497831 0.00497857 0.00273127 0.0027605 0.00382243
2.8887 0.131092 0.0555609 0.0197964 0.011072 0.00693997 0.00477666 0.00378111 0.00350091 0.00330577 0.00380567 0.00577394
2.8924 0.128772 0.0534073 0.0169135 0.0100473 0.00694132 0.00480037 0.00291928 0.00292519 0.00342408 0.00320936 0.00481802
2.8961 0.130113 0.0540445 0.0157664 0.0101495 0.00747218 0.00500861 0.00371833 0.0030896 0.00344163 0.00359674 0.0034842
2.8998 0.133075 0.052826 0.0181153 0.0105065 0.00782464 0.00557146 0.00452844 0.00256695 0.00285412 0.00436112 0.00609409
2.9035 0.133526 0.055156 0.0173394 0.0102184 0.00633666 0.0032769 0.00193781 0.00167632 0.00332391 0.00359279 0.00526639
2.9072 0.135289 0.0567469 0.0190294 0.0105479 0.00681628 0.00482175 0.00411546 0.00302007 0.00354183 0.0028789 0.00355249
2.9109 0.131719 0.0553177 0.0178351 0.0101957 0.00742239 0.00645466 0.0040059 0.00517118 0.00407807 0.00410248 0.00373426
2.9146 0.134058 0.0551461 0.0163769 0.00926669 0.00699311 0.00534387 0.0042325 0.00258554 0.00416829 0.00428026 0.00588341
2.9183 0.133642 0.0582021 0.0196367 0.0100563 0.0055822 0.00492896 0.00445747 0.0047444 0.00480736 0.00493432 0.00459049
2.922 0.134595 0.0585181 0.0191594 0.0110208 0.00707873 0.00469943 0.00416497 0.00261915 0.00309666 0.00225556 0.00443217
2.9257 0.132895 0.0573275 0.0193369 0.0103408 0.00579895 0.00639815 0.00417899 0.003229 0.00292009 0.00489872 0.00508376
2.9294 0.134504 0.0572551 0.0195512 0.0103812 0.00649173 0.00447355 0.00428869 0.00319263 0.00334827 0.00398763 0.00424591
2.9331 0.135567 0.0582352 0.0195646 0.0119514 0.00697762 0.00430531 0.00303878 0.00245523 0.00392695 0.00296157 0.00437575
2.9368 0.131983 0.0559453 0.018258 0.0110437 0.00808086 0.00533821 0.00519108 0.00520771 0.0050679 0.0039518 0.00591451
2.9405 0.131447 0.0545012 0.0179743 0.0102388 0.00697842 0.00581994 0.00570678 0.00541774 0.00490938 0.00388549 0.00358781
2.9442 0.132913 0.0560464 0.0181883 0.0106978 0.00805191 0.00704739 0.00495686 0.00427739 0.00375633 0.00405979 0.00495597
2.9479 0.136149 0.057906 0.019249 0.00983246 0.00534012 0.00413584 0.00328058 0.00451126 0.00443525 0.00491867 0.00540131
2.9516 0.135406 0.0564335 0.0171878 0.0114333 0.00777196 0.00643423 0.00532893 0.00227888 0.00361199 0.00442671 0.0069551
2.9553 0.136999 0.0594436 0.0195361 0.0123261 0.00830743 0.00662262 0.00481617 0.00356376 0.0041888 0.00408903 0.00463722
2.959 0.140593 0.0612789 0.0231955 0.0137532 0.0095185 0.00589932 0.00363523 0.00451135 0.00440284 0.00463239 0.0051659
2.9627 0.141592 0.0609497 0.0198295 0.0109762 0.00768725 0.00541131 0.00577564 0.00476553 0.00447339 0.00470679 0.00475889
2.9664 0.141765 0.05854 0.0206573 0.0129308 0.0108858 0.0087363 0.00531919 0.0053644 0.00408988 0.00416438 0.00370025
2.9701 0.141482 0.0606646 0.0221951 0.0131761 0.00780909 0.00524896 0.0032281 0.00232794 0.0026818 0.00446654 0.00641837
2.9738 0.139378 0.058566 0.0194896 0.0115989 0.00874764 0.00637988 0.00398913 0.00213672 0.0026873 0.00350631 0.00472021
2.9775 0.14345 0.0612943 0.022581 0.0128047 0.00861711 0.00640103 0.00461373 0.00443155 0.00454687 0.0039011 0.00569676
2.9812 0.142188 0.0619072 0.0211705 0.0114908 0.00755492 0.00586242 0.00527328 0.00462596 0.00450691 0.00399078 0.00388681
2.9849 0.143054 0.0605029 0.020253 0.0120662 0.00829177 0.00595992 0.00626469 0.00569612 0.00425647 0.00355862 0.00513249
2.9886 0.144321 0.06053 0.0201845 0.0124514 0.00830844 0.0077296 0.00618509 0.00517963 0.00375619 0.00460631 0.00457274
2.9923 0.14158 0.0608346 0.0196951 0.0115372 0.00799027 0.00544756 0.00475817 0.00389733 0.00300633 0.00431343 0.00525803
2.996 0.145028 0.062514 0.0198185 0.0101302 0.00525407 0.00423527 0.00302359 0.00332296 0.00467738 0.00619035 0.00713773
2.9997 0.143716 0.0611015 0.0202 0.00980584 0.00653334 0.00382434 0.00514171 0.00216739 0.00386047 0.00601654 0.00760737
3.0034 0.14356 0.0606516 0.020912 0.0114951 0.00819498 0.00652638 0.00630627 0.00451422 0.00603369 0.00503465 0.00524641
3.0071 0.144795 0.0639289 0.0206289 0.0103952 0.00791891 0.00414112 0.00445945 0.00513869 0.00383146 0.00433042 0.00623993
3.0108 0.142428 0.0641256 0.020943 0.0105986 0.00666873 0.00464853 0.00498849 0.00482196 0.0026146 0.00293244 0.00508796
3.0145 0.140535 0.0607911 0.0226912 0.0140682 0.00891947 0.00690267 0.00542505 0.00428573 0.00298131 0.00398207 0.00560062
3.0182 0.146778 0.0647207 0.0229588 0.013823 0.00895055 0.00614702 0.00506678 0.00410638 0.00376929 0.00380103 0.00536779
3.0219 0.147063 0.065337 0.0218346 0.012823 0.00676042 0.00483709 0.00217192 0.00381642 0.0031418 0.00429788 0.00505212
3.0256 0.148239 0.0641622 0.0211883 0.0109818 0.00698716 0.00459468 0.00450338 0.00396773 0.00377183 0.00365977 0.00440757
3.0293 0.14506 0.0606675 0.0207934 0.0129466 0.00916958 0.00533238 0.00480871 0.00413932 0.00356986 0.0027881 0.00471166
3.033 0.144528 0.0609422 0.0203731 0.0121726 0.0087357 0.00682382 0.00661516 0.00496257 0.00509066 0.00706602 0.00614634
3.0367 0.147141 0.0640384 0.0227171 0.0117165 0.00719336 0.00464999 0.00497463 0.00411732 0.00310332 0.0053 0.00740362
3.0404 0.145569 0.0642517 0.0227368 0.0107457 0.00658925 0.00657252 0.00481776 0.00503479 0.00553271 0.00486125 0.00488916
3.0441 0.151529 0.0635785 0.0221625 0.01196 0.00842798 0.00617899 0.00381859 0.00541187 0.00699081 0.00307643 0.0061994
3.0478 0.147112 0.0651683 0.0213783 0.0132793 0.00895341 0.00641888 0.00435422 0.00551041 0.00382558 0.00550202 0.00719939
3.0515 0.14961 0.0666048 0.0233041 0.0132814 0.00846932 0.00507628 0.00431811 0.00309153 0.00456844 0.00418441 0.00559467
3.0552 0.148274 0.0645401 0.0205639 0.0125036 0.00930908 0.00660866 0.0046316 0.00442131 0.00381486 0.00331962 0.00408297
3.0589 0.148903 0.0645596 0.0224732 0.0137431 0.00913163 0.00770969 0.00540907 0.00382472 0.00208291 0.00353724 0.00614328
3.0626 0.148694 0.0662028 0.0240532 0.014388 0.0108537 0.00730156 0.00715719 0.00589841 0.00578726 0.0055247 0.0039082
3.0663 0.148956 0.0657508 0.0224696 0.0147113 0.0100819 0.0099108 0.00714101 0.0070701 0.00477711 0.00359969 0.00363773
3.07 0.147712 0.0641501 0.0218759 0.0119207 0.00897414 0.0062596 0.0048002 0.00495055 0.00429161 0.00286318 0.00415811
3.0737 0.146919 0.0627673 0.0207145 0.0109891 0.00752634 0.00409853 0.00450005 0.00365698 0.00234952 0.00329782 0.00386307
3.0774 0.146353 0.0641465 0.0204105 0.0107881 0.00818566 0.00689046 0.00564592 0.00641265 0.00506522 0.00409327 0.00392564
3.0811 0.149285 0.0640095 0.0220017 0.0135237 0.00893928 0.0055613 0.00383591 0.00431583 0.00403166 0.00479631 0.00454496
3.0848 0.149308 0.0624466 0.0208582 0.0107956 0.00884368 0.00626108 0.00359563 0.00389563 0.00447273 0.0023043 0.00432307
3.0885 0.150479 0.0624997 0.0198894 0.0114258 0.00896253 0.00611601 0.00396295 0.00251605 0.00142567 0.000522691 0.0051628
3.0922 0.155392 0.0662086 0.0223514 0.0123035 0.0076421 0.00598955 0.00505988 0.00251408 0.00120855 0.0020117 0.00397697
3.0959 0.157161 0.0678964 0.0255097 0.0130022 0.00744656 0.00406232 0.00315576 0.00211453 0.00388469 0.00401379 0.00332577
3.0996 0.158084 0.0647991 0.0196468 0.00948578 0.00676496 0.00481478 0.00484892 0.00485552 0.00298413 0.00326998 0.00585662
3.1033 0.156364 0.0652654 0.0212015 0.010046 0.00814571 0.00746079 0.00580109 0.00118382 0.000488967 0.000420854 0.00259663
3.107 0.154377 0.06692 0.0232665 0.0132731 0.0088833 0.00546206 0.0049587 0.00317898 0.00286322 0.00347092 0.0052068
3.1107 0.154688 0.0680379 0.0250115 0.0150825 0.00941976 0.00433759 0.00291274 0.00207894 0.00345693 0.0042567 0.006391
3.1144 0.158851 0.069046 0.022541 0.0137575 0.00860716 0.00476119 0.00390316 0.00230913 0.000904602 0.00367438 0.00600015
3.1181 0.154745 0.0690397 0.0228269 0.0127007 0.00970365 0.00523153 0.00420663 0.00267533 0.00277163 0.00439008 0.00755577
3.1218 0.160022 0.0719672 0.0238906 0.0121994 0.00719502 0.00608256 0.00275417 0.00570786 0.00516089 0.00664469 0.0071013
3.1255 0.157969 0.0712318 0.0247999 0.0127621 0.00901363 0.00354354 0.00515575 0.00688391 0.00916312 0.00671315 0.00842664
3.1292 0.157548 0.0698097 0.0231128 0.0161223 0.0126884 0.00848335 0.00742006 0.00641488 0.00690248 0.00698201 0.00560879
3.1329 0.154401 0.0730886 0.0259031 0.0165826 0.0125098 0.0101725 0.0054175 0.00395223 0.00300661 0.00557875 0.0056159
3.1366 0.157684 0.067375 0.0227594 0.0135759 0.00906846 0.00590477 0.0061808 0.00630875 0.00586108 0.00658983 0.00754696
3.1403 0.156532 0.0701545 0.023136 0.0140453 0.00696388 0.00581151 0.00558304 0.00529815 0.00390757 0.00230109 0.00560339
3.144 0.156287 0.0695742 0.0255166 0.0134795 0.00967591 0.00687769 0.00685406 0.00427466 0.00332721 0.00524396 0.00672628
3.1477 0.1566 0.0686804 0.0228988 0.011937 0.00895609 0.00693895 0.00460244 0.00379637 0.00275599 0.00465342 0.00494924
3.1514 0.159974 0.0702321 0.0236478 0.014863 0.00872726 0.00704993 0.00641432 0.0056133 0.00312213 0.00478746 0.0054641
3.1551 0.166616 0.0730673 0.0256418 0.0143673 0.0128693 0.00954871 0.00446745 0.00582241 0.00799916 0.00800326 0.00789655
3.1588 0.155698 0.0721004 0.0266033 0.0153158 0.0112173 0.00761609 0.00711637 0.00532227 0.00602413 0.00359809 0.00670379
3.1625 0.161336 0.0737125 0.0246455 0.0103443 0.00847063 0.00724001 0.0054647 0.00649474 0.00670344 0.00658246 0.00385425
3.1662 0.162045 0.0740778 0.0201079 0.0128 0.00800282 0.00605361 0.00546302 0.0066775 0.00687352 0.00501985 0.00389949
3.1699 0.158666 0.0708705 0.0227592 0.00985965 0.00822985 0.00538828 0.00464794 0.00524098 0.00521307 0.00552763 0.00350811
3.1736 0.162615 0.0734914 0.0235383 0.0130477 0.0103688 0.00984872 0.00636023 0.00317746 0.00330263 0.00686448 0.00801703
3.1773 0.160846 0.0736807 0.0226831 0.0139663 0.0118832 0.0101472 0.00801554 0.0049092 0.00356849 0.00512852 0.00652976
3.181 0.167549 0.0705829 0.0247675 0.0146638 0.0102715 0.00838517 0.00638815 0.00481319 0.00220062 0.001798 0.00496924
3.1847 0.164343 0.0749666 0.026198 0.0145551 0.00772321 0.00386513 0.00491686 0.00489424 0.00335964 0.00526875 0.00570507
3.1884 0.167252 0.0750078 0.0253495 0.0134583 0.00709502 0.00238095 0.00290927 0.000413813 0.00314159 0.00444111 0.00711499
3.1921 0.164478 0.0735289 0.0221032 0.013103 0.00843434 0.00710805 0.00336264 0.00378408 0.00752742 0.00573012 0.0052238
3.1958 0.168856 0.0734004 0.02308 0.0106566 0.010943 0.00685094 0.0038229 0.00260647 0.00628216 0.00794061 0.00450387
3.1995 0.163784 0.0739832 0.0216588 0.0152439 0.00987504 0.00729565 0.00658002 0.00532638 0.00517306 0.00791868 0.00616745
3.2032 0.161834 0.0740514 0.0255355 0.0148382 0.0117524 0.0094322 0.00735385 0.0049861 0.00627516 0.00553109 0.00771055
3.2069 0.165019 0.0736872 0.0255182 0.0154819 0.00939238 0.00746506 0.00635 0.00658335 0.00823725 0.00510385 0.00557091
3.2106 0.171259 0.0778544 0.0285623 0.0173608 0.00658039 0.00274536 0.00196384 0.00479276 0.00670555 0.00363051 0.00304757
3.2143 0.170062 0.0813663 0.0313984 0.0212315 0.013289 0.00552083 0.00145237 0.00185063 0.0031574 0.00321134 0.00282933
3.218 0.175184 0.0861065 0.0306405 0.0165135 0.0154004 0.0115431 0.00669559 0.00662916 0.00466318 -0.000583816 -0.00087109
3.2217 0.175042 0.080699 0.0293449 0.0199083 0.0140104 0.0120067 0.00818162 0.00453667 0.0024644 0.00656452 0.00773704
3.2254 0.169132 0.0753078 0.0293119 0.016951 0.0106384 0.00973808 0.00933482 0.00582116 0.00464912 0.0014947 0.00869606
3.2291 0.166003 0.0774497 0.0283636 0.0190774 0.009276 0.00705426 0.0058039 0.00253824 0.00280723 0.00184463 0.00247665
3.2328 0.172708 0.0807779 0.0235098 0.0135176 0.00918155 0.0060788 0.00755804 0.00396098 0.00294929 0.00213576 0.00572736
3.2365 0.166405 0.0754212 0.0296102 0.017134 0.0132222 0.0121484 0.00900971 0.00495044 0.00353378 0.00385401 0.00625137
3.2402 0.167518 0.0780868 0.026144 0.0161559 0.0144721 0.00883498 0.0114733 0.0077774 0.00613445 0.00666565 0.00678198
3.2439 0.164085 0.0711742 0.0218119 0.00906727 0.00896842 0.00777877 0.00630591 0.00557537 0.00602016 0.00517311 0.00192958
3.2476 0.164132 0.0701822 0.0214809 0.0153163 0.012211 0.011109 0.00823535 0.00391401 0.00655739 0.00383333 0.00557966
3.2513 0.160298 0.0749014 0.0240526 0.0145843 0.010902 0.00627342 0.00341543 0.00359909 0.00249558 0.00627492 0.00708753
3.255 0.171539 0.0792201 0.0271506 0.0126789 0.00670181 0.000871513 0.00510018 0.00379396 0.00148456 0.00441271 0.00689107
3.2587 0.169631 0.0801905 0.0292446 0.014606 0.0099778 0.008068 0.00578602 0.00358958 0.00247235 0.000657983 0.00269121
3.2624 0.173633 0.0831686 0.0320182 0.0226827 0.0126561 0.0126062 0.00360003 0.00367613 0.00382204 0.0043806 0.00494964
3.2661 0.170696 0.0803095 0.0242983 0.0129095 0.0100269 0.00817773 0.00512531 0.00728995 0.00681759 0.00655847 0.0102682
3.2698 0.171559 0.0746367 0.0251113 0.0159103 0.0141693 0.0106028 0.0107278 0.00772719 0.00779886 0.00307025 0.00445777
3.2735 0.165135 0.0727283 0.0237114 0.0141158 0.0125444 0.0111265 0.00632138 0.00743486 0.0079798 0.00793384 0.00974653
3.2772 0.165135 0.0693376 0.021953 0.0167613 0.0150116 0.00508816 0.00318535 -0.000299371 0.00500434 0.0144274 0.0113075
3.2809 0.168487 0.0778131 0.0273835 0.0138072 0.0135273 0.0083021 0.00869191 0.00437716 0.00137878 0.00719183 0.00762852
3.2846 0.162947 0.0763724 0.0280898 0.0157768 0.00970246 0.0105717 0.00848275 0.00771034 0.00716958 0.0092668 0.00937543
3.2883 0.172527 0.0828552 0.0248416 0.0121939 0.00990448 0.0108517 0.00689621 0.00564795 0.00476996 0.00699937 0.0063104
3.292 0.163239 0.0783066 0.0308392 0.0156474 0.00314568 0.00425446 0.00164653 0.00160108 0.00742179 0.00521927 0.0034296
3.2957 0.178054 0.0809639 0.0300331 0.0143785 0.0036262 0.00117935 -0.00141816 -0.000299729 0.00326019 0.00425256 0.00436861
3.2994 0.179655 0.0819173 0.0248536 0.0211098 0.0107749 0.00692117 0.00385443 0.00216256 0.00553954 0.00803895 0.0030835
3.3031 0.171901 0.0808847 0.0289873 0.020636 0.0161959 0.0142058 0.00956703 0.00903013 0.00503906 0.00124476 0.00443798
3.3068 0.180719 0.0851221 0.0305206 0.017763 0.0102257 0.0100313 0.00403039 0.00489528 0.00325575 0.00235645 0.00694682
3.3105 0.176357 0.0856897 0.0351709 0.0168304 0.00794345 0.00822654 0.00953218 0.00534997 -0.000368438 0.00363906 0.00716003
3.3142 0.17952 0.0809298 0.028296 0.0187872 0.0108104 0.0094458 0.00487301 0.00680399 0.0107974 0.0067706 0.0133164
3.3179 0.170693 0.0811125 0.0316788 0.0189715 0.00735898 0.00315213 0.00982041 0.00397756 0.0040261 0.0041192 0.00770308
3.3216 0.167881 0.0826959 0.0280779 0.0158298 0.0147269 0.00843591 0.00357694 0.0068329 0.00386979 0.00133023 0.0102129
3.3253 0.179169 0.0809209 0.0313556 0.0199472 0.0131821 0.0093585 0.0045763 -3.51605e-05 0.000238116 0.00307165 0.0109401
3.329 0.176487 0.0833322 0.0272231 0.0168883 0.0123865 0.0109422 0.00634434 0.0130027 0.00200061 0.00547844 0.000871863
3.3327 0.174635 0.083394 0.0285735 0.014344 0.0146359 0.0132739 0.00875628 0.00631681 0.0091249 0.00438191 0.0107059
3.3364 0.179855 0.0815235 0.0237698 0.00831579 0.00609159 0.00911433 0.00849408 0.00899553 0.00717764 0.010215 0.00143851
3.3401 0.174658 0.0792079 0.0218447 0.0116161 0.0176809 0.0136582 0.0102148 0.0064819 0.00677749 0.00524845 0.00972821
3.3438 0.161569 0.0794817 0.0262069 0.0203799 0.0121554 0.00897096 0.0159969 0.0160111 0.0125905 0.0159151 0.00499892
3.3475 0.177634 0.0882825 0.0365156 0.0234257 0.0130461 0.00757953 0.0107386 0.0129971 0.0116166 0.00484982 0.00789386
3.3512 0.179287 0.0848668 0.0291089 0.018724 0.00413851 0.0143404 0.0132744 0.0182873 0.0176866 0.0117998 0.0267083
3.3549 0.172537 0.0824704 0.0270238 0.0216339 0.0145319 0.0160797 0.0188469 0.0144774 0.0141522 0.0163772 0.014398
3.3586 0.19089 0.091769 0.0345816 0.0204314 0.0279614 0.0117304 0.00964206 0.00793424 0.0103973 0.00655382 0.00643014
3.3623 0.186873 0.0930393 0.0308147 0.0177362 0.0109404 -0.000378617 0.00425548 -0.000915155 -0.000535462 -0.000497375 0.000668729
3.366 0.194501 0.0951552 0.0335789 0.0273388 0.0150452 0.00888982 0.00623927 0.0116416 0.00637603 0.00255337 0.00769892
3.3697 0.214161 0.102631 0.0444642 0.0195219 0.0113711 0.0155187 0.0151337 0.00977934 0.0112963 0.00357282 0.0179963
3.3734 0.201453 0.102173 0.0419144 0.0298611 0.0236204 0.0220578 0.0193825 0.0118388 -0.00259778 0.00605156 0.00326475
3.3771 0.182185 0.0873103 0.0479782 0.0288475 0.0218586 0.0186953 0.0143117 0.0139165 0.0039801 0.00998236 0.0133301
3.3808 0.184345 0.0823468 0.0318084 0.0208534 0.015476 0.00546909 0.0106216 0.0196061 0.0189648 0.0062443 0.016645
3.3845 0.210493 0.104584 0.0437682 0.0211739 0.00844537 0.0218038 0.00541783 0.00945504 0.0192828 0.0135105 0.0109878
3.3882 0.192404 0.0982176 0.0355429 0.0204438 0.0151168 0.0136579 0.0219647 0.0124264 0.00717554 0.00583782 0.0135102
3.3919 0.19222 0.100192 0.0430792 0.0294587 0.0111697 0.00977905 0.015516 0.017796 0.0155586 0.0154359 0.0140282
3.3956 0.183667 0.091023 0.0431908 0.0240018 0.0258196 0.00442084 0.00618646 0.0247009 0.0175183 0.01741 0.00283504
3.3993 0.190414 0.093689 0.0492721 0.0327562 0.00857787 0.0368553 0.021193 0.0146002 0.0247497 0.0404986 0.0260101
3.403 0.215584 0.100754 0.0156333 0.0151764 0.0162254 0.0184993 0.0268449 0.0343926 0.0278124 0.015701 0.0190056
3.4067 0.207751 0.0986048 0.0245116 0.0136163 0.00462481 0.0177386 0.0268082 0.0101656 0.0133136 0.0206329 0.0304142
3.4104 0.196436 0.115109 0.0457682 0.0167845 0.0138901 0.0392412 0.00134311 0.0162024 0.0232281 0.0148994 0.0175591
3.4141 0.214966 0.10802 0.0409084 0.0328914 0.0395437 0.0474095 0.0515798 0.0223904 -0.00476198 -0.00203558 0.0107173
3.4178 0.220946 0.0948748 0.0308886 0.0272206 0.0391945 0.0237296 0.0119146 0.00531554 0.0201854 -0.0182717 0.0159496
3.4215 0.19678 0.098605 0.0413108 0.0339888 0.0433619 0.0333096 0.0189186 0.00676693 0.0456106 0.0539185 0.101209
3.4252 0.222214 0.111561 0.0638116 0.0517042 0.00908608 0.0285021 0.0295153 0.0402377 0.0754626 0.0593014 0
3.4289 0.221455 0.116828 0.0752454 0.0142926 0.00183796 0.0390308 0.079533 0 0 0 0
3.4326 0.207252 0.0997378 0.0426858 0.0162654 0.0398228 0 0 0 0 0 0
3.4363 0.34151 0.201631 0 0 0 0 0 0 0 0 0
